[path]
out_path=/never/gonna/give/you/up

[DEM]
dem_tiff=DEMfile.tif

[Simulation_params]
total_time=600
influx_time=200
num_vents=10
num_frames=10
timestep = .0001
cstable=0.05                              
maxstep=0.25                              
minstep=1e-5                              
order=1                                   

[Physical_params]
gravity=8.87
mu=0.1
d50=0.01
phi = 0.3
rhos = 2600
rhof = 65

[PorePressure_params]
lambda = 0.98
diffusivity = 1
lambda_min = 0.4

[Flow_params]
height=20
centerXgeo=1503049.74,1502649.74,1502849.74,1503049.74,1502249.739,1502449.74,1502649.74,1502049.739,1502249.739,1501649.739,1501849.739,1502049.739,1501249.739,1501449.739,1501649.739,1500849.739,1501049.739,1501249.739,1500649.739,1500849.739
centerYgeo=1250847.3190000001,1250647.3190000001,1250647.3190000001,1250647.3190000001,1250447.3190000001,1250447.3190000001,1250447.3190000001,1250247.3190000001,1250247.3190000001,1250047.318,1250047.318,1250047.318,1249847.318,1249847.318,1249847.318,1249647.318,1249647.318,1249647.318,1249447.318,1249447.318
velocity=0
direction=160
